13 48 96 21 100 98 29 76 93 62 32 70 45 79 35 26 96 74 24 87 75 60 34 70 18 49 87 10 
42 14 93 93 14 94 81 25 20 28 61 1 31 37 11 16 4 64 26 36 65 31 88 17 34 68 49 81 61 60 97 98 1 47 12 38 23 2 65 20 98 73 91 64 81 95 91 69 48 43 97 97 46 69 69 54 8 38 33 12 59 99 86 12 25 11 74 51 52 41 30 35 40 44 
88 58 27 61 23 50 48 75 69 7 97 90 4 16 95 64 72 30 53 78 87 56 82 1 48 97 56 46 84 31 18 76 83 78 13 49 30 42 27 27 52 30 96 41 44 13 60 43 92 46 97 87 9 86 46 50 62 73 29 57 49 89 64 83 97 20 70 3 39 46 32 60 86 32 30 50 22 15 47 6 38 12 42 7 73 73 22 54 73 
95 13 48 33 15 66 100 68 13 6 29 93 11 36 70 72 93 31 15 15 71 92 66 23 18 98 17 70 57 62 55 63 99 31 81 95 2 95 40 20 43 41 24 88 
3 75 
74 9 36 60 92 36 40 80 79 12 87 69 25 18 46 32 36 32 66 66 40 100 91 
10 68 40 24 100 16 7 3 32 20 72 67 55 32 16 12 10 14 86 56 
43 41 98 
90 77 71 18 24 88 33 30 95 83 28 34 64 89 11 65 22 53 63 38 82 92 72 76 9 5 64 100 92 27 92 21 2 84 
44 70 31 80 97 27 65 60 94 74 37 67 14 81 3 
39 39 3 45 81 77 75 9 84 87 84 73 77 44 77 8 62 98 59 36 82 100 91 9 12 25 44 32 71 30 43 94 7 26 19 20 94 37 26 60 58 
51 92 24 23 39 23 8 35 32 29 65 40 45 2 12 33 35 16 95 96 14 98 64 37 24 56 2 86 72 30 57 77 2 50 63 4 92 28 71 92 85 11 29 61 68 
9 94 13 72 31 60 33 27 33 47 43 28 52 91 15 85 76 93 28 53 100 97 95 77 38 69 55 23 66 56 45 86 64 54 40 52 27 86 85 54 44 1 14 68 64 70 6 24 94 80 7 72 7 27 22 16 3 100 26 29 41 92 46 12 76 55 16 74 91 32 88 76 38 93 11 89 77 75 66 22 21 
83 69 89 83 21 43 55 32 75 1 
1 26 20 72 74 48 37 65 7 5 46 29 58 6 95 89 66 12 69 72 6 86 46 54 77 86 61 64 14 79 53 30 52 21 84 58 41 32 68 27 96 
63 58 70 75 41 63 70 44 83 61 38 89 21 73 78 53 49 21 16 52 16 88 15 56 
19 33 73 53 70 40 2 22 45 59 65 30 50 76 82 98 8 55 38 3 50 22 84 58 95 1 85 40 48 65 85 66 11 34 100 97 96 92 58 63 10 38 49 53 69 75 60 54 6 65 20 93 76 31 21 4 54 69 55 82 2 52 15 15 86 8 40 34 31 
92 68 53 90 95 18 33 1 18 49 
92 64 38 79 83 85 98 54 100 17 34 82 20 39 68 92 35 3 86 23 1 97 44 47 83 47 43 76 4 76 72 14 30 2 30 30 85 82 69 67 98 96 15 28 5 13 55 61 3 90 79 2 15 98 5 
31 83 41 30 64 30 21 57 9 42 84 76 60 16 91 46 82 38 51 86 53 48 76 22 30 88 43 60 96 10 72 49 20 59 58 56 70 80 22 34 31 68 34 15 83 53 96 45 34 52 11 80 67 37 80 71 93 81 89 95 39 
1 30 12 51 93 60 4 65 87 23 26 45 
12 
46 34 99 51 25 16 49 69 14 45 53 78 26 97 14 97 40 21 54 51 37 47 86 3 73 34 32 58 64 28 43 96 58 84 51 5 51 5 17 37 68 56 65 30 58 41 92 90 33 56 13 83 75 53 72 64 70 4 16 17 71 8 46 2 81 95 88 63 37 10 73 39 99 72 87 69 9 37 25 50 82 9 12 60 32 68 97 2 34 57 72 18 27 100 62 67 58 27 91 
94 12 22 7 92 42 57 71 96 13 21 87 52 29 90 67 30 39 42 15 39 22 50 94 18 21 69 21 8 73 30 35 68 80 99 22 95 45 50 10 62 
76 1 84 
14 22 98 93 73 
88 56 29 76 77 71 85 78 9 91 57 70 45 77 50 50 79 72 5 21 48 96 27 81 63 82 33 2 54 63 48 12 80 59 92 99 10 43 70 88 47 29 21 43 98 26 46 59 73 58 42 68 34 46 49 9 29 71 55 42 31 90 69 82 98 97 78 23 97 42 68 4 31 95 46 88 54 89 18 6 25 97 68 73 17 79 55 36 
48 38 47 41 57 19 65 35 35 87 75 93 31 54 97 3 5 47 73 81 91 53 82 96 74 2 82 93 18 
97 59 52 54 74 4 76 43 66 49 28 2 37 58 22 6 24 76 5 27 67 59 82 4 68 8 92 5 50 44 28 44 34 48 78 32 87 76 64 12 13 71 81 80 82 46 1 98 58 95 94 12 92 75 13 63 6 96 26 7 59 80 67 3 10 51 68 76 64 42 32 82 89 84 79 85 37 55 53 95 3 19 99 78 18 66 
81 13 37 42 86 29 1 22 46 52 100 27 68 98 73 74 44 20 38 35 53 51 80 65 61 35 27 76 16 45 67 40 28 57 90 13 84 50 70 67 33 3 55 94 55 2 37 58 67 87 4 37 39 45 86 86 20 83 58 77 66 10 98 64 22 41 43 17 66 68 13 39 49 2 6 46 83 99 55 
79 49 58 
52 48 6 11 35 7 20 100 71 90 52 62 36 20 98 99 78 13 19 26 92 74 23 40 96 4 91 24 79 48 53 42 14 100 91 83 
21 54 60 30 28 37 90 33 82 48 
11 72 2 64 11 78 87 14 19 48 100 30 41 66 10 6 54 79 87 40 84 63 36 22 72 5 74 65 50 62 30 48 62 24 26 46 8 88 15 90 7 83 68 84 13 32 19 62 96 73 53 11 40 79 97 56 56 12 36 51 1 55 71 65 65 39 32 18 29 81 71 72 71 37 66 99 85 95 10 34 34 23 63 85 24 
95 27 34 86 36 43 93 8 39 69 46 39 22 31 83 46 64 93 55 52 33 86 60 82 65 81 16 30 64 73 96 10 92 39 42 76 5 25 11 48 96 63 5 25 68 91 92 13 9 69 92 51 70 28 15 36 66 92 83 3 30 5 17 65 35 18 66 6 77 49 44 72 96 14 34 56 31 71 69 58 100 13 85 
16 11 82 38 78 44 3 36 100 43 98 31 98 7 10 16 25 13 1 33 59 50 1 74 90 67 58 10 52 
16 78 14 35 89 84 39 87 49 88 93 52 6 95 94 96 28 70 32 76 86 73 27 86 48 38 67 91 
100 91 100 10 52 100 22 8 48 65 14 3 70 34 34 87 7 97 14 80 12 15 43 94 
43 19 35 95 11 87 9 81 100 10 91 100 49 87 49 75 80 2 11 15 47 42 81 62 4 23 13 90 92 2 24 49 9 49 34 31 
96 48 41 50 55 61 37 52 86 72 
84 25 98 84 86 49 58 
93 66 81 3 27 94 19 100 44 86 58 17 15 11 60 29 58 14 30 66 48 81 82 72 32 47 87 84 38 80 36 39 88 87 33 28 99 82 90 28 72 96 57 86 2 47 48 93 15 
39 91 10 72 37 85 91 11 95 8 66 98 45 65 69 62 67 67 25 92 15 30 2 21 52 78 38 85 82 12 79 16 3 73 82 75 91 31 94 46 64 1 29 32 47 51 38 76 52 43 39 95 27 25 32 68 44 75 54 15 10 7 35 28 83 51 30 45 
7 75 37 99 73 26 21 25 36 45 53 82 54 63 92 93 92 3 56 50 41 62 91 76 13 46 60 44 33 41 26 9 50 12 79 49 91 76 72 2 
56 57 54 25 73 42 8 4 88 18 71 84 52 15 53 62 95 66 24 4 84 1 56 94 70 10 11 40 9 90 4 32 32 61 65 70 3 91 82 52 67 56 32 91 21 36 86 40 83 72 49 39 80 94 83 79 2 70 37 26 6 91 67 
48 2 37 51 30 52 26 99 26 9 59 70 61 3 64 80 50 20 41 15 99 9 10 30 32 3 83 17 54 26 10 98 73 34 73 80 26 18 41 57 96 5 54 82 53 93 88 36 70 33 53 17 78 8 48 16 98 
39 7 12 14 28 1 17 46 8 12 31 66 67 25 5 54 73 26 9 74 72 21 24 43 70 46 92 93 38 34 24 26 80 60 46 30 41 54 16 91 45 55 62 62 53 28 
