47
28
10
87
49
18
70
34
60
75
87
24
74
96
26
35
79
45
70
32
62
93
76
29
98
100
21
96
48
13
74
44
40
35
30
41
52
51
74
11
25
12
86
99
59
12
33
38
8
54
69
69
46
97
97
43
48
69
91
95
81
64
91
73
98
20
65
2
23
38
12
47
1
98
97
60
61
81
49
68
34
17
88
31
65
36
26
64
4
16
11
37
31
1
61
28
20
25
81
94
14
93
93
14
42
89
73
54
22
73
73
7
42
12
38
6
47
15
22
50
30
32
86
60
32
46
39
3
70
20
97
83
64
89
49
57
29
73
62
50
46
86
9
87
97
46
92
43
60
13
44
41
96
30
52
27
27
42
30
49
13
78
83
76
18
31
84
46
56
97
48
1
82
56
87
78
53
30
72
64
95
16
4
90
97
7
69
75
48
50
23
61
27
58
88
44
88
24
41
43
20
40
95
2
95
81
31
99
63
55
62
57
70
17
98
18
23
66
92
71
15
15
31
93
72
70
36
11
93
29
6
13
68
100
66
15
33
48
13
95
2
75
3
23
91
100
40
66
66
32
36
32
46
18
25
69
87
12
79
80
40
36
92
60
36
9
74
20
56
86
14
10
12
16
32
55
67
72
20
32
3
7
16
100
24
40
68
10
3
98
41
43
34
84
2
21
92
27
92
100
64
5
9
76
72
92
82
38
63
53
22
65
11
89
64
34
28
83
95
30
33
88
24
18
71
77
90
15
3
81
14
67
37
74
94
60
65
27
97
80
31
70
44
41
58
60
26
37
94
20
19
26
7
94
43
30
71
32
44
25
12
9
91
100
82
36
59
98
62
8
77
44
77
73
84
87
84
9
75
77
81
45
3
39
39
45
68
61
29
11
85
92
71
28
92
4
63
50
2
77
57
30
72
86
2
56
24
37
64
98
14
96
95
16
35
33
12
2
45
40
65
29
32
35
8
23
39
23
24
92
51
81
21
22
66
75
77
89
11
93
38
76
88
32
91
74
16
55
76
12
46
92
41
29
26
100
3
16
22
27
7
72
7
80
94
24
6
70
64
68
14
1
44
54
85
86
27
52
40
54
64
86
45
56
66
23
55
69
38
77
95
97
100
53
28
93
76
85
15
91
52
28
43
47
33
27
33
60
31
72
13
94
9
10
1
75
32
55
43
21
83
89
69
83
41
96
27
68
32
41
58
84
21
52
30
53
79
14
64
61
86
77
54
46
86
6
72
69
12
66
89
95
6
58
29
46
5
7
65
37
48
74
72
20
26
1
24
56
15
88
16
52
16
21
49
53
78
73
21
89
38
61
83
44
70
63
41
75
70
58
63
69
31
34
40
8
86
15
15
52
2
82
55
69
54
4
21
31
76
93
20
65
6
54
60
75
69
53
49
38
10
63
58
92
96
97
100
34
11
66
85
65
48
40
85
1
95
58
84
22
50
3
38
55
8
98
82
76
50
30
65
59
45
22
2
40
70
53
73
33
19
10
49
18
1
33
18
95
90
53
68
92
55
5
98
15
2
79
90
3
61
55
13
5
28
15
96
98
67
69
82
85
30
30
2
30
14
72
76
4
76
43
47
83
47
44
97
1
23
86
3
35
92
68
39
20
82
34
17
100
54
98
85
83
79
38
64
92
61
39
95
89
81
93
71
80
37
67
80
11
52
34
45
96
53
83
15
34
68
31
34
22
80
70
56
58
59
20
49
72
10
96
60
43
88
30
22
76
48
53
86
51
38
82
46
91
16
60
76
84
42
9
57
21
30
64
30
41
83
31
12
45
26
23
87
65
4
60
93
51
12
30
1
1
12
99
91
27
58
67
62
100
27
18
72
57
34
2
97
68
32
60
12
9
82
50
25
37
9
69
87
72
99
39
73
10
37
63
88
95
81
2
46
8
71
17
16
4
70
64
72
53
75
83
13
56
33
90
92
41
58
30
65
56
68
37
17
5
51
5
51
84
58
96
43
28
64
58
32
34
73
3
86
47
37
51
54
21
40
97
14
97
26
78
53
45
14
69
49
16
25
51
99
34
46
41
62
10
50
45
95
22
99
80
68
35
30
73
8
21
69
21
18
94
50
22
39
15
42
39
30
67
90
29
52
87
21
13
96
71
57
42
92
7
22
12
94
3
84
1
76
5
73
93
98
22
14
88
36
55
79
17
73
68
97
25
6
18
89
54
88
46
95
31
4
68
42
97
23
78
97
98
82
69
90
31
42
55
71
29
9
49
46
34
68
42
58
73
59
46
26
98
43
21
29
47
88
70
43
10
99
92
59
80
12
48
63
54
2
33
82
63
81
27
96
48
21
5
72
79
50
50
77
45
70
57
91
9
78
85
71
77
76
29
56
88
29
18
93
82
2
74
96
82
53
91
81
73
47
5
3
97
54
31
93
75
87
35
35
65
19
57
41
47
38
48
86
66
18
78
99
19
3
95
53
55
37
85
79
84
89
82
32
42
64
76
68
51
10
3
67
80
59
7
26
96
6
63
13
75
92
12
94
95
58
98
1
46
82
80
81
71
13
12
64
76
87
32
78
48
34
44
28
44
50
5
92
8
68
4
82
59
67
27
5
76
24
6
22
58
37
2
28
49
66
43
76
4
74
54
52
59
97
79
55
99
83
46
6
2
49
39
13
68
66
17
43
41
22
64
98
10
66
77
58
83
20
86
86
45
39
37
4
87
67
58
37
2
55
94
55
3
33
67
70
50
84
13
90
57
28
40
67
45
16
76
27
35
61
65
80
51
53
35
38
20
44
74
73
98
68
27
100
52
46
22
1
29
86
42
37
13
81
3
58
49
79
36
83
91
100
14
42
53
48
79
24
91
4
96
40
23
74
92
26
19
13
78
99
98
20
36
62
52
90
71
100
20
7
35
11
6
48
52
10
48
82
33
90
37
28
30
60
54
21
85
24
85
63
23
34
34
10
95
85
99
66
37
71
72
71
81
29
18
32
39
65
65
71
55
1
51
36
12
56
56
97
79
40
11
53
73
96
62
19
32
13
84
68
83
7
90
15
88
8
46
26
24
62
48
30
62
50
65
74
5
72
22
36
63
84
40
87
79
54
6
10
66
41
30
100
48
19
14
87
78
11
64
2
72
11
83
85
13
100
58
69
71
31
56
34
14
96
72
44
49
77
6
66
18
35
65
17
5
30
3
83
92
66
36
15
28
70
51
92
69
9
13
92
91
68
25
5
63
96
48
11
25
5
76
42
39
92
10
96
73
64
30
16
81
65
82
60
86
33
52
55
93
64
46
83
31
22
39
46
69
39
8
93
43
36
86
34
27
95
29
52
10
58
67
90
74
1
50
59
33
1
13
25
16
10
7
98
31
98
43
100
36
3
44
78
38
82
11
16
28
91
67
38
48
86
27
73
86
76
32
70
28
96
94
95
6
52
93
88
49
87
39
84
89
35
14
78
16
24
94
43
15
12
80
14
97
7
87
34
34
70
3
14
65
48
8
22
100
52
10
100
91
100
36
31
34
49
9
49
24
2
92
90
13
23
4
62
81
42
47
15
11
2
80
75
49
87
49
100
91
10
100
81
9
87
11
95
35
19
43
10
72
86
52
37
61
55
50
41
48
96
7
58
49
86
84
98
25
84
49
15
93
48
47
2
86
57
96
72
28
90
82
99
28
33
87
88
39
36
80
38
84
87
47
32
72
82
81
48
66
30
14
58
29
60
11
15
17
58
86
44
100
19
94
27
3
81
66
93
68
45
30
51
83
28
35
7
10
15
54
75
44
68
32
25
27
95
39
43
52
76
38
51
47
32
29
1
64
46
94
31
91
75
82
73
3
16
79
12
82
85
38
78
52
21
2
30
15
92
25
67
67
62
69
65
45
98
66
8
95
11
91
85
37
72
10
91
39
40
2
72
76
91
49
79
12
50
9
26
41
33
44
60
46
13
76
91
62
41
50
56
3
92
93
92
63
54
82
53
45
36
25
21
26
73
99
37
75
7
63
67
91
6
26
37
70
2
79
83
94
80
39
49
72
83
40
86
36
21
91
32
56
67
52
82
91
3
70
65
61
32
32
4
90
9
40
11
10
70
94
56
1
84
4
24
66
95
62
53
15
52
84
71
18
88
4
8
42
73
25
54
57
56
57
98
16
48
8
78
17
53
33
70
36
88
93
53
82
54
5
96
57
41
18
26
80
73
34
73
98
10
26
54
17
83
3
32
30
10
9
99
15
41
20
50
80
64
3
61
70
59
9
26
99
26
52
30
51
37
2
48
46
28
53
62
62
55
45
91
16
54
41
30
46
60
80
26
24
34
38
93
92
46
70
43
24
21
72
74
9
26
73
54
5
25
67
66
31
12
8
46
17
1
28
14
12
7
39